*******************************************************
253.25
252.39
252.56
252.56
251.97
252.14
252.65
252.82
252.56
252.65
252.56
252.48
252.65
252.39
252.05
252.39
252.82
252.48
252.73
252.48
252.14
252.39
251.97
252.39
252.31
251.97
252.65
252.65
252.31
252.39
252.82
252.73
252.73
252.39
252.22
252.14
251.88
252.05
252.48
252.48
252.82
253.07
252.31
252.14
252.65
252.39
252.22
252.56
252.82
252.39
252.14
252.31
252.31
252.48
252.48
252.65
252.65
252.56
252.82
252.31
252.39
252.82
252.14
252.48
252.05
252.05
252.39
252.31
252.31
251.97
252.22
252.05
252.22
252.56
252.73
252.56
252.48
252.48
252.14
252.05
252.82
252.65
252.82
252.56
252.56
252.14
252.05
252.05
252.05
252.73
252.22
252.05
252.31
252.14
252.39
252.39
252.39
252.48
251.88
252.05
252.48
252.14
251.88
252.14
252.31
252.48
252.22
252.14
252.05
252.31
252.39
252.56
252.56
252.39
252.56
252.48
252.73
252.65
252.48
252.48
252.56
252.39
252.99
252.65
252.56
252.82
252.73
252.31
252.56
252.56
252.99
252.31
252.31
252.05
251.97
252.31
252.39
251.88
252.39
252.22
252.39
252.05
252.31
252.31
252.22
252.05
252.48
252.05
252.31
252.14
252.14
252.48
252.22
252.14
251.88
251.97
252.31
251.97
252.05
252.22
252.14
252.05
252.14
252.48
252.22
252.05
251.54
252.39
252.05
251.80
252.48
251.28
252.22
251.97
252.05
252.22
251.88
251.97
252.48
252.48
252.48
252.48
252.56
252.39
252.31
252.31
251.97
252.39
252.14
252.14
251.97
252.73
252.22
252.05
252.22
252.56
252.22
252.31
251.97
252.14
251.97
252.05
251.97
252.22
252.39
252.39
252.14
252.05
251.80
251.97
252.14
252.31
252.31
252.31
