*******************************************************
250.69
251.20
251.03
251.03
250.69
250.69
251.03
251.20
251.11
250.69
251.03
251.20
251.28
251.62
250.77
250.77
251.03
250.94
250.69
251.20
250.35
250.77
250.69
251.03
250.69
250.77
251.03
251.03
250.77
251.03
250.77
251.20
251.28
251.20
250.69
250.35
251.20
250.94
250.69
250.69
250.86
250.69
250.69
250.94
250.86
250.86
250.69
251.03
250.60
250.94
250.77
251.37
250.77
251.28
251.11
251.03
250.77
250.86
250.69
250.94
251.37
250.94
251.20
251.20
251.28
251.03
251.37
251.28
251.88
251.28
251.62
251.20
250.94
250.69
251.11
251.45
251.11
251.28
251.11
251.03
251.20
251.20
251.20
251.20
251.28
251.11
251.37
251.28
251.54
251.20
251.71
251.03
250.69
251.37
251.11
250.94
251.20
251.62
251.28
251.03
251.03
251.11
251.28
250.94
251.28
251.80
251.28
251.20
251.54
251.28
251.28
251.45
251.03
251.20
251.03
251.11
251.20
251.20
251.28
250.94
251.28
251.11
251.03
251.20
250.86
250.86
250.94
251.37
251.37
250.86
250.94
251.11
251.37
251.20
251.03
250.94
251.20
250.94
251.03
251.03
251.11
251.45
251.45
251.62
251.20
251.80
251.37
250.52
251.11
250.86
251.03
251.11
250.94
251.03
251.20
250.77
251.28
251.37
251.28
251.03
251.20
251.03
251.28
251.11
251.03
250.52
250.69
250.77
251.28
250.60
250.77
250.94
250.69
250.94
250.94
251.03
250.86
251.37
250.86
250.60
250.77
250.77
250.86
250.86
250.86
250.94
250.94
251.11
250.94
251.03
250.94
251.28
251.45
250.86
251.03
250.94
251.28
250.52
251.37
251.03
250.60
251.03
251.03
250.52
250.26
250.77
251.03
251.11
250.60
251.37
251.20
251.45
251.11
251.28
251.11
250.86
250.35
