*******************************************************
248.30
248.47
248.13
248.47
248.13
248.38
248.73
248.64
248.55
248.38
248.73
248.38
248.90
248.30
247.87
248.55
248.55
248.47
248.47
248.55
248.90
248.90
248.47
248.55
249.07
248.64
248.47
248.90
248.81
248.73
248.64
249.07
248.55
248.47
249.07
248.55
248.73
249.15
248.47
248.73
249.07
249.24
248.98
248.64
248.98
248.98
248.73
248.55
248.30
247.96
248.55
248.30
248.21
248.04
248.81
249.07
248.47
248.55
248.47
248.64
248.90
248.73
248.38
248.21
248.64
248.73
248.38
248.81
248.73
248.81
248.21
248.47
249.15
248.38
247.87
247.79
248.64
248.81
248.13
247.87
248.55
248.47
248.21
248.98
248.73
248.04
248.30
248.47
248.55
248.30
248.21
248.38
248.55
248.55
248.55
247.79
248.38
248.13
248.64
248.47
248.64
247.87
248.30
248.30
248.55
248.30
248.64
248.47
248.64
248.81
248.47
248.64
248.64
248.47
248.55
248.38
247.87
248.38
248.55
248.64
248.55
248.30
248.73
248.73
248.98
248.38
248.98
248.55
248.21
248.38
248.04
248.30
248.04
248.81
248.55
248.81
248.98
248.98
248.30
248.73
248.81
248.64
247.87
248.55
248.38
247.79
247.70
247.96
247.87
248.81
248.73
248.90
248.90
248.98
248.73
248.38
248.47
248.98
248.90
248.04
248.47
248.55
248.30
248.47
248.81
248.38
248.64
248.47
248.13
248.73
248.30
248.47
248.64
248.73
248.13
248.73
248.47
248.30
248.13
248.73
248.55
248.81
248.98
248.04
248.13
248.64
248.73
248.30
248.73
248.30
247.96
248.73
248.30
248.38
248.47
248.73
248.81
248.38
248.38
248.73
248.21
247.96
248.64
248.21
248.47
248.64
248.73
248.81
248.47
248.55
248.47
248.81
248.64
248.30
248.55
248.30
248.30
248.21
248.13
248.38
247.96
248.30
248.30
248.55
248.21
248.47
