*******************************************************

252.14
252.90
252.73
252.99
252.90
252.56
252.65
252.99
252.65
252.65
252.31
252.82
252.48
252.73
252.56
252.82
252.99
252.90
252.73
252.73
252.56
252.56
252.73
252.90
252.65
252.39
252.90
252.73
252.82
253.07
252.99
252.82
253.16
253.33
252.99
252.99
252.90
252.99
252.56
253.16
252.99
253.59
253.42
253.67
253.42
253.33
253.33
253.93
252.90
253.42
253.25
252.90
253.42
252.90
253.07
253.07
253.33
253.07
253.50
253.07
253.33
253.67
253.25
253.16
253.42
253.25
253.07
252.99
253.07
252.90
253.16
252.65
252.73
252.90
252.73
252.90
252.99
252.99
253.07
252.90
253.25
252.99
253.07
253.33
253.25
252.90
253.07
253.07
252.90
252.82
252.90
252.90
252.90
253.25
253.50
252.90
252.90
252.99
253.07
252.99
253.33
253.42
252.90
253.07
252.90
253.59
253.59
253.16
253.50
253.67
253.50
253.50
253.33
253.16
253.25
252.65
252.99
252.99
253.07
252.82
253.07
253.16
253.07
252.99
253.33
252.90
252.56
252.99
253.42
252.14
252.31
252.99
252.90
252.65
253.16
252.90
253.33
253.07
253.25
253.42
253.84
253.33
253.25
252.73
253.33
253.33
253.33
252.90
252.73
253.33
253.25
252.99
253.16
252.56
252.82
252.22
253.16
252.99
253.07
253.07
252.90
253.33
253.33
253.76
253.42
253.67
253.42
253.59
