*******************************************************
249.32
249.49
249.58
249.32
250.00
249.83
249.83
250.17
249.75
249.75
250.00
249.75
249.75
250.43
250.09
250.17
249.75
249.83
250.26
250.35
249.75
250.43
249.83
250.26
250.35
250.43
250.52
250.17
249.24
249.41
249.58
249.24
250.00
250.09
249.15
249.41
249.24
249.32
249.32
249.15
249.75
249.83
250.00
249.41
249.92
249.66
250.17
249.49
249.83
249.83
250.35
250.35
249.58
249.49
249.58
249.32
249.58
249.75
250.00
249.83
250.00
249.92
249.92
249.75
250.09
249.66
249.49
249.92
249.58
249.41
249.49
249.15
250.00
249.49
249.41
249.32
249.75
249.66
249.75
250.52
250.35
249.32
249.24
249.32
249.49
249.32
249.15
249.24
249.66
249.83
249.49
250.09
250.43
249.49
249.58
250.09
250.09
249.83
249.75
249.32
250.09
249.24
249.75
250.00
249.58
249.75
249.15
250.00
249.58
249.24
250.09
249.92
249.66
249.92
250.00
250.26
249.83
250.17
250.17
250.26
250.35
249.83
250.60
250.52
250.52
250.43
250.17
249.83
250.17
250.09
250.43
250.09
250.09
250.09
249.75
249.83
250.26
250.26
249.58
250.17
250.52
249.83
250.26
249.83
250.17
250.26
249.92
250.09
249.83
250.00
249.49
249.66
249.83
249.75
249.92
249.32
249.92
250.26
249.83
249.83
249.83
249.75
249.83
250.00
249.58
249.83
250.35
249.15
249.41
249.24
249.24
249.66
249.75
249.41
249.32
249.58
249.75
249.41
249.58
249.58
250.00
249.49
249.41
249.41
249.41
249.41
249.66
249.24
249.66
249.24
249.49
249.32
249.32
249.24
249.41
249.49
249.66
249.66
249.92
249.75
